0
12
45
122
273
475
827
1298
1887
2516
3886
5030
6509
8448
10259
12654
17006
18510
23259
30553
34526
36648
43313
49712
59614
73967
78664
83781
96189
106316
133698
143062
153425
174291
185241
213287
217551
263498
286843
293536
318559
321525
360480
415159
449818
469004
497330
528914
585337
622645
638464
685340
759623
800525
875150
977745
919436
1006025
1120635
1168833
1230853
1301276
1375203
1470512
1503094
1564715
1579605
1729066
1837286
2005281
2090640
2097257
2130439
2210856
2552173
2499949
2468680
2555963
3084035
3112194
3429093
3464715
3623272
3488662
3379565
3690278
3908249
4573740
4159704
4739072
4184198
4749663
5262905
5141579
5373331
6183389
5611250
6618474
6321672
6487813
6971069
6962920
7066082
8006306
7605075
7911736
7313489
8813178
8305480
9204649
9302722
8755701
9781358
9715103
10480872
10537257
10236500
11772117
12303971
11625501
12530943
12593533
14042956
13632323
14258604
14282210
16256457
15284107
16419696
15316026
15424628
16261291
17472619
16182041
19794700
17580944
18030845
19295936
18685204
19568590
19619585
20328028
23344406
20225577
21735200
25450241
22523249
25819239
23609733
26207709
26169699
26204892
25888180
27726330
29859287
27881868
28816999
32373012
32539655
31031314
34062362
34506584
34610078
32253218
34946831
34640054
37292803
39215200
38387711
40424091
38028821
38950649
38772768
42143396
44535642
42952727
47192596
43450595
48890416
45409391
46089289
49167663
48982166
53692357
49885310
49747708
54513684
55326663
59202409
56982053
61943914
57932662
60479178
58536787
61296182
69214788
56993241
66774555
