3 20 20 0
4 24960 24960 180
5 78620 78620 1080
6 189887 189887 4779
7 353597 353597 13028
8 590330 590330 30793
9 892929 892929 58712
10 1324703 1324703 116346
11 1788015 1788015 181859
12 2447572 2447572 319622
13 3157729 3157729 475208
14 4041802 4041802 728871
15 4997798 4997798 1004290
16 6163176 6163176 1432596
17 7496468 7496468 1987522
18 8993043 8993043 2671370
19 10772567 10772567 3706518
20 12633618 12633618 4757131
21 14571347 14571347 5934269
22 16897924 16897924 7604659
23 19512170 19512170 9778472
24 22290428 22290428 12200060
25 25307918 25307918 15115427
26 28143064 28143064 17580174
27 31326218 31326218 20737467
28 34954430 34954430 24725675
29 39154299 39154299 30234728
30 43337387 43337387 35823745
31 47832799 47832799 42119776
32 52532253 52532253 48968229
33 56982286 56982286 55235283
34 62629746 62629746 65313239
35 68366800 68366800 75971476
36 74092221 74092221 85983840
37 80149947 80149947 97301162
38 87599532 87599532 114794186
39 93940245 93940245 127210577
40 101291054 101291054 144126936
41 109435011 109435011 164869611
42 116965416 116965416 182322656
43 125352843 125352843 205268825
44 133277097 133277097 225575526
45 142861418 142861418 255898854
46 153161703 153161703 289947932
47 162696641 162696641 318948426
48 173395428 173395428 354551393
49 183663948 183663948 387440825
50 195758123 195758123 434237831
51 207632201 207632201 476856117
52 220019922 220019922 527574495
53 231972675 231972675 572226027
54 244086260 244086260 618995887
55 257393099 257393099 678484660
56 271467258 271467258 738970012
57 286020747 286020747 806671838
58 300888881 300888881 878715823
59 315388079 315388079 945214073
60 331162654 331162654 1023629300
61 346597002 346597002 1097987930
62 365571741 365571741 1218332663
63 382938645 382938645 1311880024
64 398831561 398831561 1390923149
65 417986332 417986332 1504516421
66 438457603 438457603 1634323786
67 457001824 457001824 1742633288
68 477757511 477757511 1881904716
69 498560961 498560961 2018776049
70 519203557 519203557 2150235513
71 540899613 540899613 2299366540
72 562937811 562937811 2452618230
73 583829020 583829020 2594792491
74 607009828 607009828 2767521810
75 631150474 631150474 2956588987
76 653935966 653935966 3121680151
77 679047271 679047271 3324146454
78 704262949 704262949 3528724029
79 730474612 730474612 3749926097
80 755488226 755488226 3952166326
81 784758970 784758970 4225662061
82 812191588 812191588 4465514596
83 843045366 843045366 4770482153
84 873587391 873587391 5066872718
85 903851513 903851513 5355196377
86 940120175 940120175 5779044612
87 970078962 970078962 6074366013
88 1000847489 1000847489 6370687071
89 1034742572 1034742572 6727334312
90 1068464236 1068464236 7080667494
91 1103049196 1103049196 7449237065
92 1136510449 1136510449 7792103228
93 1173986145 1173986145 8243356392
94 1209324852 1209324852 8627455898
95 1245852502 1245852502 9049616723
96 1283485358 1283485358 9477566261
97 1319240203 1319240203 9876368356
98 1361421461 1361421461 10429655502
99 1400863718 1400863718 10923790500
100 1443669301 1443669301 11493746235
101 1484310414 1484310414 11993530584
102 1526709870 1526709870 12556949985
103 1567664626 1567664626 13070846956
104 1610838163 1610838163 13668889626
105 1657096123 1657096123 14325382088
106 1708225806 1708225806 15146972586
107 1751797978 1751797978 15754561945
108 1801071532 1801071532 16505020332
109 1843702521 1843702521 17087964719
110 1897557762 1897557762 18017538625
111 1944199266 1944199266 18703196523
112 2000115334 2000115334 19683126939
113 2048821132 2048821132 20426883310
114 2098317853 2098317853 21193372319
115 2150542856 2150542856 22061624627
116 2206148996 2206148996 23046198465
117 2263182338 2263182338 24078118237
118 2317053719 2317053719 25016852576
119 2376519405 2376519405 26129347838
120 2434554540 2434554540 27175758782
121 2491338625 2491338625 28174462142
122 2550889548 2550889548 29272943964
123 2614399586 2614399586 30526589329
124 2669777133 2669777133 31428014723
125 2734547852 2734547852 32750042967
126 2792042524 2792042524 33817752990
127 2858570544 2858570544 35199321991
128 2917895353 2917895353 36354876658
129 2981644976 2981644976 37670537313
130 3045829791 3045829791 38977365429
131 3112649561 3112649561 40425582583
132 3184089594 3184089594 42082342908
133 3249212879 3249212879 43362781437
134 3321114106 3321114106 45006894205
135 3390693933 3390693933 46569533908
136 3462423327 3462423327 48177985023
137 3536992575 3536992575 49962333763
138 3611727849 3611727849 51741018618
139 3691424136 3691424136 53707268661
140 3765817170 3765817170 55434762718
141 3841986911 3841986911 57357456698
142 3915826871 3915826871 59063180141
143 3987489951 3987489951 60732348534
144 4064093591 4064093591 62653364222
145 4139788632 4139788632 64438335803
146 4217547279 4217547279 66280427613
147 4299846874 4299846874 68549843307
148 4386801463 4386801463 70995529186
149 4469789845 4469789845 73242323923
150 4553875110 4553875110 75491226067
151 4644473139 4644473139 78084768022
152 4729713267 4729713267 80328319371
153 4820421513 4820421513 82995642196
154 4912071087 4912071087 85661061401
155 5009261494 5009261494 88682926954
156 5097806038 5097806038 91248110700
157 5193303581 5193303581 94087089081
158 5288367212 5288367212 97014517121
159 5391376412 5391376412 100413053951
160 5482124864 5482124864 103003236131
161 5579012992 5579012992 105978242936
162 5684398570 5684398570 109525768294
163 5780881186 5780881186 112561614714
164 5876455651 5876455651 115389775865
165 5975425980 5975425980 118431759753
166 6079019913 6079019913 121790344608
167 6188564814 6188564814 125389410103
168 6293314245 6293314245 129004418462
169 6410633985 6410633985 133350963381
170 6514398714 6514398714 136743323715
171 6621299636 6621299636 140327881612
172 6733948446 6733948446 144454127628
173 6841846840 6841846840 148076848269
174 6965361255 6965361255 152932739784
175 7075726021 7075726021 156666865011
176 7182570546 7182570546 160304429228
177 7298210894 7298210894 164506088865
178 7412829026 7412829026 168630837369
179 7522916809 7522916809 172389310169
180 7642897449 7642897449 176984948858
181 7767924873 7767924873 182012150171
182 7880221594 7880221594 185850076430
183 8000747900 8000747900 190504704376
184 8142458460 8142458460 196686338335
185 8255656902 8255656902 200602263972
186 8377735410 8377735410 205209110564
187 8505725084 8505725084 210601760869
188 8645408652 8645408652 217118550977
189 8770194357 8770194357 222021445064
190 8893550432 8893550432 226863776566
191 9025667349 9025667349 232284270751
192 9152414348 9152414348 237200709915
193 9291663150 9291663150 243517737682
194 9414229138 9414229138 247967636995
195 9560394408 9560394408 254729875209
196 9705512510 9705512510 261345268601
197 9850550836 9850550836 267903034187
198 9989458640 9989458640 273757904467
199 10128740816 10128740816 279666166080
200 10283120137 10283120137 287199605890
201 10430532273 10430532273 294157120550
202 10590714597 10590714597 302481598964
203 10737742800 10737742800 309439924401
204 10900336477 10900336477 317592576233
205 11058709790 11058709790 325549001530
206 11215336466 11215336466 333286330456
207 11367273591 11367273591 340932498892
208 11533408654 11533408654 349658170615
209 11682780205 11682780205 356564585554
210 11823935654 11823935654 362808308638
211 11986355202 11986355202 371080060888
212 12152212185 12152212185 379938642277
213 12316357337 12316357337 388395869098
214 12472771086 12472771086 396083204585
215 12630171898 12630171898 404150274526
216 12788577622 12788577622 411811559891
217 12950885368 12950885368 420097505744
218 13141065110 13141065110 431785995658
219 13307514752 13307514752 440365025407
220 13492787541 13492787541 451600999128
221 13671783121 13671783121 461535169898
222 13843261377 13843261377 470508365489
223 14014132751 14014132751 479643297818
224 14197367029 14197367029 490562136707
225 14373226263 14373226263 500520720346
226 14567778990 14567778990 512715253692
227 14734352882 14734352882 521097233690
228 14914194392 14914194392 531472443717
229 15088337864 15088337864 541183626644
230 15272652942 15272652942 551221168845
231 15450881414 15450881414 560495535136
232 15612712478 15612712478 568583842538
233 15807968932 15807968932 580608259601
234 16001424512 16001424512 592588711206
235 16189399043 16189399043 603726362779
236 16381874422 16381874422 615350766086
237 16594631307 16594631307 629265953087
238 16787629941 16787629941 641122042765
239 16973448803 16973448803 651869868707
240 17187601421 17187601421 666678851179
241 17394038256 17394038256 679880951799
242 17600023670 17600023670 693441480414
243 17812399752 17812399752 708133796504
244 18000413057 18000413057 719313678422
245 18199530997 18199530997 732124623604
246 18417550776 18417550776 747015060524
247 18640605843 18640605843 762712390436
248 18840973115 18840973115 775668861982
249 19048967426 19048967426 788737923531
250 19249739045 19249739045 801769807062
251 19494325010 19494325010 820707301120
252 19699090298 19699090298 834432200263
253 19921054283 19921054283 850293920216
254 20149909498 20149909498 866846570617
255 20379220177 20379220177 882535608179
256 20620714580 20620714580 900829026911
257 20829543210 20829543210 914964124816
258 21064291596 21064291596 932187986329
259 21289996437 21289996437 949021261383
260 21544670416 21544670416 969715118100
261 21777150845 21777150845 987322809387
262 22002076150 22002076150 1002854259307
263 22254705356 22254705356 1023127259138
264 22490143446 22490143446 1040643058068
265 22754190248 22754190248 1062412696387
266 22987524804 22987524804 1079323090539
267 23219304109 23219304109 1096265354731
268 23455218396 23455218396 1114201259541
269 23714769057 23714769057 1135985492966
270 23966977156 23966977156 1155830769144
271 24197098045 24197098045 1171447368285
272 24431966441 24431966441 1189244738259
273 24700861100 24700861100 1211007567046
274 24953945943 24953945943 1230166750628
275 25227424844 25227424844 1253986966236
276 25483297152 25483297152 1273442532581
277 25744625955 25744625955 1294989796070
278 25995400998 25995400998 1315314974587
279 26258930862 26258930862 1337684528713
280 26531765616 26531765616 1359933107831
281 26810555821 26810555821 1384445132376
282 27059830456 27059830456 1404283078414
283 27312400495 27312400495 1424271135976
284 27574809916 27574809916 1445936311858
285 27875520299 27875520299 1474725377387
286 28146385687 28146385687 1497400900226
287 28422567068 28422567068 1521762790773
288 28684902242 28684902242 1543050513891
289 28967696994 28967696994 1568447650581
290 29238870144 29238870144 1591045301400
291 29514744846 29514744846 1614236632852
292 29817919514 29817919514 1644114524046
293 30122439854 30122439854 1674082783663
294 30397440240 30397440240 1699185867025
295 30671717694 30671717694 1723049698647
296 30961287217 30961287217 1750088001240
297 31283854694 31283854694 1781094213106
298 31585114119 31585114119 1809375880228
299 31888570660 31888570660 1838941444282
300 32179794529 32179794529 1864587904175
301 32493885774 32493885774 1894699138419
302 32810826361 32810826361 1926925037849
303 33131666714 33131666714 1959683614232
304 33456344916 33456344916 1992414234070
305 33751572007 33751572007 2019651624414
306 34076520791 34076520791 2054143659570
307 34385652870 34385652870 2084486793645
308 34714477931 34714477931 2117721699519
309 35011904789 35011904789 2145345085340
310 35320707104 35320707104 2175888708066
311 35641084086 35641084086 2207464348864
312 35975609243 35975609243 2242356154578
313 36325850709 36325850709 2281370765434
314 36636988516 36636988516 2312932467188
315 36952310932 36952310932 2343069145368
316 37249991506 37249991506 2370393972871
317 37613886955 37613886955 2411175727339
318 37938838509 37938838509 2444526392340
319 38318584139 38318584139 2490353990178
320 38635458683 38635458683 2521552414444
321 38989466970 38989466970 2561363873637
322 39332200739 39332200739 2597641050647
323 39678494528 39678494528 2636194605674
324 40024037838 40024037838 2676384542731
325 40376052071 40376052071 2717640824755
326 40729687338 40729687338 2757361257960
327 41090264963 41090264963 2798107656784
328 41423875460 41423875460 2836107352802
329 41805313515 41805313515 2882755265367
330 42130943860 42130943860 2915491840141
331 42461583971 42461583971 2951487062948
332 42824131069 42824131069 2994561418301
333 43168722849 43168722849 3032973526564
334 43523375994 43523375994 3074307468344
335 43911998899 43911998899 3121067565625
336 44262580396 44262580396 3158937741439
337 44645393513 44645393513 3206245128332
338 45013002897 45013002897 3249878775520
339 45370743199 45370743199 3290449635135
340 45754687185 45754687185 3337463599151
341 46143494110 46143494110 3384476272428
342 46534554290 46534554290 3432879548929
343 46910297803 46910297803 3477061278254
344 47281103287 47281103287 3521682981323
345 47644280411 47644280411 3563072622846
346 48042885489 48042885489 3613544448452
347 48441294017 48441294017 3666010700548
348 48822887512 48822887512 3712117241113
349 49185103258 49185103258 3753555499112
350 49595236265 49595236265 3807083993018
351 49998848221 49998848221 3858498873896
352 50383376188 50383376188 3905010108622
353 50770570580 50770570580 3955508065060
354 51140078587 51140078587 3998546947848
355 51558671675 51558671675 4056615644243
356 51947331775 51947331775 4105099907584
357 52327975705 52327975705 4150981997141
358 52741992930 52741992930 4204843729341
359 53156776689 53156776689 4260212613548
360 53595342501 53595342501 4320964735475
361 54022513802 54022513802 4379290302760
362 54427999439 54427999439 4430141965326
363 54868320042 54868320042 4491231128897
364 55279456801 55279456801 4543756435040
365 55700691528 55700691528 4599624286431
366 56147007570 56147007570 4663337681837
367 56571430102 56571430102 4722600849122
368 57019582468 57019582468 4782922682834
369 57475516815 57475516815 4848169865243
370 57940157821 57940157821 4917074479572
371 58362955436 58362955436 4972593439538
372 58838065210 58838065210 5042616086185
373 59257626749 59257626749 5095676700668
374 59704089817 59704089817 5157703301557
375 60157256204 60157256204 5223741909415
376 60595856495 60595856495 5284870074656
377 61033977497 61033977497 5342617512253
378 61483276122 61483276122 5406264924014
379 61938816498 61938816498 5473260267883
380 62381788717 62381788717 5536526285304
381 62822086720 62822086720 5596493036738
382 63256848756 63256848756 5655128107771
383 63773325719 63773325719 5737660743298
384 64222752265 64222752265 5801549083942
385 64689044409 64689044409 5871194318766
386 65206951281 65206951281 5956702933322
387 65702585329 65702585329 6032784099165
388 66206445954 66206445954 6112974565474
389 66670657965 66670657965 6180222278959
390 67108198060 67108198060 6240012907381
391 67626963336 67626963336 6322625928200
392 68103257835 68103257835 6395554326845
393 68568808626 68568808626 6461368168868
394 69049401777 69049401777 6532765780564
395 69511321494 69511321494 6601653103917
396 69992642531 69992642531 6674432599036
397 70481690741 70481690741 6749635473601
398 70948611913 70948611913 6820524974488
399 71406207037 71406207037 6887961735769
400 71860861306 71860861306 6950119894771
401 72352446445 72352446445 7026067801501
402 72884718418 72884718418 7114753246827
403 73425173506 73425173506 7213134070517
404 73935227398 73935227398 7296492138001
405 74445610131 74445610131 7378997718332
406 74934541230 74934541230 7452659557342
407 75438890536 75438890536 7533257941562
408 75953288665 75953288665 7614859095836
409 76518498461 76518498461 7716475280349
410 77065177497 77065177497 7813126254711
411 77595485275 77595485275 7900045748310
412 78114300463 78114300463 7983002074540
413 78685440387 78685440387 8086890114878
414 79196607195 79196607195 8167009532393
415 79720435030 79720435030 8254294170427
416 80263954911 80263954911 8348624923174
417 80795301410 80795301410 8434881581768
418 81331090721 81331090721 8524260041087
419 81886070054 81886070054 8621632444016
420 82480344862 82480344862 8736210525711
421 83043136510 83043136510 8836257981284
422 83611919870 83611919870 8940790659122
423 84170547787 84170547787 9040103481423
424 84777718757 84777718757 9157626882380
425 85332069271 85332069271 9250977518527
426 85868044148 85868044148 9345287277996
427 86420547494 86420547494 9443351930161
428 87017235288 87017235288 9556690793417
429 87525583358 87525583358 9637946963040
430 88086775158 88086775158 9737005146337
431 88730022184 88730022184 9871176617254
432 89245488320 89245488320 9954420474652
433 89806469539 89806469539 10055607040552
434 90365094574 90365094574 10152581674590
435 90965404955 90965404955 10269877693791
436 91586940343 91586940343 10392970922884
437 92183518965 92183518965 10509351241320
438 92758842422 92758842422 10612979453312
439 93345438931 93345438931 10719497605895
440 94020112491 94020112491 10863982208812
441 94589172263 94589172263 10966359455904
442 95168401993 95168401993 11074791431156
443 95774357339 95774357339 11192412706579
444 96356825005 96356825005 11302962833802
445 96925495810 96925495810 11403449505159
446 97585700511 97585700511 11546566527487
447 98239520338 98239520338 11678375673915
448 98853757619 98853757619 11802728931463
449 99494413639 99494413639 11931696490345
450 100072671373 100072671373 12037741803590
451 100651389714 100651389714 12141863912716
452 101261969271 101261969271 12261325314447
453 101893989576 101893989576 12384789363495
454 102454528794 102454528794 12483169283569
455 103052769897 103052769897 12602998581463
456 103780182856 103780182856 12772270073331
457 104402183599 104402183599 12889399775970
458 105103996367 105103996367 13042154451407
459 105745961269 105745961269 13172645242738
460 106359180977 106359180977 13289375358312
461 106958096616 106958096616 13400126817310
462 107630940648 107630940648 13541766517106
463 108298703730 108298703730 13679419611960
464 108931798843 108931798843 13802688602890
465 109617037880 109617037880 13953441120013
466 110319983148 110319983148 14111709923284
467 110968114465 110968114465 14243266954792
468 111609815393 111609815393 14368395269841
469 112342591336 112342591336 14550501622776
470 113010779016 113010779016 14694175755156
471 113641875679 113641875679 14814792051950
472 114367008627 114367008627 14980328605331
473 115023337473 115023337473 15117355933226
474 115705452007 115705452007 15273301207719
475 116406016360 116406016360 15432742181849
476 117061487538 117061487538 15570818416164
477 117745010682 117745010682 15717301878394
478 118390104713 118390104713 15852825067632
479 119155441249 119155441249 16042927942396
480 119865022488 119865022488 16199881170681
481 120572631053 120572631053 16358053707407
482 121257016863 121257016863 16507200527923
483 121952209704 121952209704 16658551090195
484 122643250975 122643250975 16808612612183
485 123396163115 123396163115 16993055675043
486 124114980839 124114980839 17156630174056
487 124782958143 124782958143 17296650713031
488 125497360767 125497360767 17463555638476
489 126221560272 126221560272 17635310590045
490 126969828580 126969828580 17812251525215
491 127720474506 127720474506 17981896685127
492 128474096171 128474096171 18156369374071
493 129142417078 129142417078 18299591112593
494 129861205784 129861205784 18463667359776
495 130548269141 130548269141 18614638415616
496 131304039289 131304039289 18800924358398
497 132111131506 132111131506 18999244170190
498 132866355143 132866355143 19184695635828
499 133562614591 133562614591 19343059089306
500 134333816253 134333816253 19528083251836

