1
1920
2683
3527
4443
5430
6480
7588
8754
9976
11249
12571
13941
15360
16821
18327
19876
21466
23095
24765
26471
28218
30000
31817
33671
35558
37480
39435
41423
43443
45496
47580
49694
51840
54013
56218
58453
60714
63006
65324
67671
70046
72447
74875
77331
79812
82320
84851
87410
89993
92602
95236
97893
100575
103280
106010
108764
111540
114342
117165
120010
122880
125770
128684
131619
134578
137557
140558
143581
146625
149689
152777
155884
159011
162160
165330
168519
171730
174960
178209
181479
184769
188078
191406
194754
198123
201508
204915
208339
211783
215246
218727
222225
225744
229281
232835
236408
240000
243607
247235
250879
254543
258223
261919
265634
269368
273118
276885
280669
284470
288289
292123
295977
299844
303730
307632
311552
315488
319440
323407
327391
331393
335410
339443
343492
347556
351638
355734
359847
363975
368119
372278
376453
380644
384850
389070
393307
397559
401827
406109
410406
414720
419047
423388
427746
432118
436506
440907
445324
449754
454200
458660
463136
467625
472128
476646
481178
485725
490286
494860
499450
504052
508670
513302
517946
522606
527280
531965
536666
541381
546109
550851
555607
560375
565158
569955
574764
579588
584425
589274
594138
599015
603904
608808
613723
618653
623596
628552
633521
638502
643498
648504
653525
658560
663605
668665
673736
678821
